NOAO/IRAF V2.16.1 mlee@uhura.astro.sunysb.edu Wed 18:45:08 08-Nov-2017
Sensitivity function for aperture 1:
Fitting function is spline3 of order 7 with 15 points and RMS of 0.0156.
       Image Airmass  Points   Shift RMS Fit   Dev 1   Dev 2   Dev 3
deneb_spectrum_neon.00000015.CF.ms.L.fits   1.100      15  0.0000  0.0151 -0.0018  0.0030 -0.0012

  Lambda     Fit     Avg   Resid  SD Avg     N     Ext    Dext
 6350.00  31.903  31.903  0.0002  0.0000     1  0.1100  0.0000
 6400.00  31.918  31.916 -0.0026  0.0000     1  0.1066  0.0000
 6450.00  31.840  31.849  0.0092  0.0000     1  0.1029  0.0000
 6500.00  31.854  31.844 -0.0098  0.0000     1  0.0990  0.0000
 6550.00  31.869  31.863 -0.0060  0.0000     1  0.0958  0.0000
 6600.00  31.825  31.840  0.0152  0.0000     1  0.0930  0.0000
 6650.00  31.796  31.800  0.0043  0.0000     1  0.0909  0.0000
 6700.00  31.834  31.818 -0.0160  0.0000     1  0.0879  0.0000
 6750.00  31.849  31.841 -0.0085  0.0000     1  0.0845  0.0000
 6800.00  31.746  31.766  0.0202  0.0000     1  0.0826  0.0000
 6850.00  31.609  31.621  0.0118  0.0000     1  0.0810  0.0000
 6900.00  31.573  31.536 -0.0372  0.0000     1  0.0787  0.0000
 6950.00  31.620  31.645  0.0254  0.0000     1  0.0760  0.0000
 7000.00  31.638  31.631 -0.0064  0.0000     1  0.0743  0.0000
 7050.00  31.539  31.540  0.0003  0.0000     1  0.0731  0.0000

NOAO/IRAF V2.16.1 mlee@uhura.astro.sunysb.edu Wed 19:19:37 08-Nov-2017
Sensitivity function for aperture 1:
Fitting function is spline3 of order 7 with 30 points and RMS of 0.0153.
       Image Airmass  Points   Shift RMS Fit   Dev 1   Dev 2   Dev 3
deneb_spectrum_neon.00000015.CF.ms.L.fits   1.100      15  0.0000  0.0151 -0.0018  0.0030 -0.0012
deneb_spectrum_neon.00000015.CF.ms.L.fits   1.100      15  0.0000  0.0151 -0.0018  0.0030 -0.0012

  Lambda     Fit     Avg   Resid  SD Avg     N     Ext    Dext
 6350.00  31.903  31.903  0.0002  0.0000     2  0.1100  0.0000
 6400.00  31.918  31.916 -0.0026  0.0000     2  0.1066  0.0000
 6450.00  31.840  31.849  0.0092  0.0000     2  0.1029  0.0000
 6500.00  31.854  31.844 -0.0097  0.0000     2  0.0990  0.0000
 6550.00  31.869  31.863 -0.0060  0.0000     2  0.0958  0.0000
 6600.00  31.825  31.840  0.0151  0.0000     2  0.0930  0.0000
 6650.00  31.796  31.800  0.0043  0.0000     2  0.0909  0.0000
 6700.00  31.834  31.818 -0.0160  0.0000     2  0.0879  0.0000
 6750.00  31.849  31.841 -0.0085  0.0000     2  0.0845  0.0000
 6800.00  31.746  31.766  0.0202  0.0000     2  0.0826  0.0000
 6850.00  31.609  31.621  0.0118  0.0000     2  0.0810  0.0000
 6900.00  31.573  31.536 -0.0372  0.0000     2  0.0787  0.0000
 6950.00  31.620  31.645  0.0254  0.0000     2  0.0760  0.0000
 7000.00  31.638  31.631 -0.0064  0.0000     2  0.0743  0.0000
 7050.00  31.539  31.540  0.0003  0.0000     2  0.0731  0.0000

NOAO/IRAF V2.16.1 mlee@uhura.astro.sunysb.edu Wed 19:35:00 08-Nov-2017
Sensitivity function for aperture 1:
Fitting function is spline3 of order 4 with 34 points and RMS of 0.0590.
       Image Airmass  Points   Shift RMS Fit   Dev 1   Dev 2   Dev 3
deneb_spectrum_neon.00000015.CF.ms.L.fits   1.100      15  0.0000  0.0483 -0.0066  0.0290 -0.0224
deneb_spectrum_neon.00000015.CF.ms.L.fits   1.100      15  0.0000  0.0483 -0.0066  0.0290 -0.0224
deneb_oxygen.00000038.CF.ms.L.fits   1.100       4  0.0000  0.1061 -0.0333  0.1253 -0.0458

  Lambda     Fit     Avg   Resid  SD Avg     N     Ext    Dext
 4850.00  30.090  30.056 -0.0333  0.0000     1  0.1939  0.0000
 4900.00  31.179  31.305  0.1253  0.0000     1  0.1877  0.0000
 4950.00  31.446  31.291 -0.1554  0.0000     1  0.1834  0.0000
 5000.00  31.262  31.326  0.0638  0.0000     1  0.1800  0.0000
 6350.00  31.890  31.903  0.0125  0.0000     2  0.1100  0.0000
 6400.00  31.892  31.916  0.0233  0.0000     2  0.1066  0.0000
 6450.00  31.888  31.849 -0.0384  0.0000     2  0.1029  0.0000
 6500.00  31.877  31.844 -0.0324  0.0000     2  0.0990  0.0000
 6550.00  31.861  31.863  0.0019  0.0000     2  0.0958  0.0000
 6600.00  31.840  31.840  0.0001  0.0000     2  0.0930  0.0000
 6650.00  31.815  31.800 -0.0150  0.0000     2  0.0909  0.0000
 6700.00  31.787  31.818  0.0313  0.0000     2  0.0879  0.0000
 6750.00  31.756  31.841  0.0848  0.0000     2  0.0845  0.0000
 6800.00  31.723  31.766  0.0436  0.0000     2  0.0826  0.0000
 6850.00  31.688  31.621 -0.0673  0.0000     2  0.0810  0.0000
 6900.00  31.652  31.536 -0.1162  0.0000     2  0.0787  0.0000
 6950.00  31.617  31.645  0.0286  0.0000     2  0.0760  0.0000
 7000.00  31.581  31.631  0.0501  0.0000     2  0.0743  0.0000
 7050.00  31.547  31.540 -0.0070  0.0000     2  0.0731  0.0000

NOAO/IRAF V2.16.1 mlee@uhura.astro.sunysb.edu Wed 19:40:37 08-Nov-2017
Sensitivity function for aperture 1:
Fitting function is spline3 of order 6 with 47 points and RMS of 0.1579.
       Image Airmass  Points   Shift RMS Fit   Dev 1   Dev 2   Dev 3
deneb_spectrum_neon.00000015.CF.ms.L.fits   1.100      15  0.0000  0.0445  0.0001  0.0165 -0.0165
deneb_spectrum_neon.00000015.CF.ms.L.fits   1.100      15  0.0000  0.0445  0.0001  0.0165 -0.0165
deneb_oxygen.00000038.CF.ms.L.fits   1.100       4  0.0000  0.4823 -0.9207  0.2481  0.0931
deneb_oxygen.00000038.CF.ms.L.fits   1.100      13  0.0000  0.1102 -0.0191  0.0585  0.0657

  Lambda     Fit     Avg   Resid  SD Avg     N     Ext    Dext
 4400.00  30.312  30.334  0.0219  0.0000     1  0.2622  0.0000
 4450.00  30.475  30.491  0.0164  0.0000     1  0.2528  0.0000
 4500.00  30.596  30.543 -0.0530  0.0000     1  0.2426  0.0000
 4550.00  30.683  30.622 -0.0617  0.0000     1  0.2337  0.0000
 4600.00  30.746  30.759  0.0132  0.0000     1  0.2256  0.0000
 4650.00  30.792  30.799  0.0072  0.0000     1  0.2188  0.0000
 4700.00  30.830  30.947  0.1170  0.0000     1  0.2116  0.0000
 4750.00  30.868  30.965  0.0965  0.0000     1  0.2047  0.0000
 4800.00  30.915  31.081  0.1655  0.0000     1  0.2001  0.0000
 4850.00  30.977  30.565 -0.4123  0.3595     2  0.1939  0.0000
 4900.00  31.057  31.290  0.2331  0.0106     2  0.1877  0.0000
 4950.00  31.155  31.248  0.0928  0.0302     2  0.1834  0.0000
 5000.00  31.275  31.200 -0.0753  0.0891     2  0.1800  0.0000
 6350.00  31.913  31.903 -0.0099  0.0000     2  0.1100  0.0000
 6400.00  31.879  31.916  0.0363  0.0000     2  0.1066  0.0000
 6450.00  31.864  31.849 -0.0149  0.0000     2  0.1029  0.0000
 6500.00  31.860  31.844 -0.0153  0.0000     2  0.0990  0.0000
 6550.00  31.859  31.863  0.0042  0.0000     2  0.0958  0.0000
 6600.00  31.853  31.840 -0.0128  0.0000     2  0.0930  0.0000
 6650.00  31.836  31.800 -0.0356  0.0000     2  0.0909  0.0000
 6700.00  31.806  31.818  0.0125  0.0000     2  0.0879  0.0000
 6750.00  31.767  31.841  0.0742  0.0000     2  0.0845  0.0000
 6800.00  31.722  31.766  0.0441  0.0000     2  0.0826  0.0000
 6850.00  31.677  31.621 -0.0562  0.0000     2  0.0810  0.0000
 6900.00  31.635  31.536 -0.0985  0.0000     2  0.0787  0.0000
 6950.00  31.600  31.645  0.0453  0.0000     2  0.0760  0.0000
 7000.00  31.576  31.631  0.0551  0.0000     2  0.0743  0.0000
 7050.00  31.568  31.540 -0.0281  0.0000     2  0.0731  0.0000

NOAO/IRAF V2.16.1 mlee@uhura.astro.sunysb.edu Wed 19:41:32 08-Nov-2017
Sensitivity function for aperture 1:
Fitting function is spline3 of order 6 with 60 points and RMS of 0.1458.
       Image Airmass  Points   Shift RMS Fit   Dev 1   Dev 2   Dev 3
deneb_spectrum_neon.00000015.CF.ms.L.fits   1.100      15  0.0000  0.0451 -0.0018  0.0195 -0.0176
deneb_spectrum_neon.00000015.CF.ms.L.fits   1.100      15  0.0000  0.0451 -0.0018  0.0195 -0.0176
deneb_oxygen.00000038.CF.ms.L.fits   1.100       4  0.0000  0.5093 -0.9831  0.2091  0.1156
deneb_oxygen.00000038.CF.ms.L.fits   1.100      13  0.0000  0.0776 -0.0097  0.0271  0.0402
deneb_oxygen.00000038.CF.ms.L.fits   1.100      13  0.0000  0.0776 -0.0097  0.0271  0.0402

  Lambda     Fit     Avg   Resid  SD Avg     N     Ext    Dext
 4400.00  30.336  30.334 -0.0018  0.0000     2  0.2622  0.0000
 4450.00  30.461  30.491  0.0300  0.0000     2  0.2528  0.0000
 4500.00  30.569  30.543 -0.0264  0.0000     2  0.2426  0.0000
 4550.00  30.662  30.622 -0.0405  0.0000     2  0.2337  0.0000
 4600.00  30.742  30.759  0.0167  0.0000     2  0.2256  0.0000
 4650.00  30.813  30.799 -0.0133  0.0000     2  0.2188  0.0000
 4700.00  30.875  30.947  0.0721  0.0000     2  0.2116  0.0000
 4750.00  30.932  30.965  0.0329  0.0000     2  0.2047  0.0000
 4800.00  30.986  31.081  0.0948  0.0000     2  0.2001  0.0000
 4850.00  31.039  30.734 -0.3052  0.2768     3  0.1939  0.0000
 4900.00  31.096  31.285  0.1890  0.0082     3  0.1877  0.0000
 4950.00  31.158  31.234  0.0765  0.0232     3  0.1834  0.0000
 5000.00  31.229  31.158 -0.0703  0.0686     3  0.1800  0.0000
 6350.00  31.902  31.903  0.0005  0.0000     2  0.1100  0.0000
 6400.00  31.882  31.916  0.0337  0.0000     2  0.1066  0.0000
 6450.00  31.872  31.849 -0.0224  0.0000     2  0.1029  0.0000
 6500.00  31.867  31.844 -0.0221  0.0000     2  0.0990  0.0000
 6550.00  31.862  31.863  0.0012  0.0000     2  0.0958  0.0000
 6600.00  31.852  31.840 -0.0113  0.0000     2  0.0930  0.0000
 6650.00  31.832  31.800 -0.0313  0.0000     2  0.0909  0.0000
 6700.00  31.801  31.818  0.0173  0.0000     2  0.0879  0.0000
 6750.00  31.763  31.841  0.0776  0.0000     2  0.0845  0.0000
 6800.00  31.721  31.766  0.0453  0.0000     2  0.0826  0.0000
 6850.00  31.678  31.621 -0.0575  0.0000     2  0.0810  0.0000
 6900.00  31.638  31.536 -0.1016  0.0000     2  0.0787  0.0000
 6950.00  31.603  31.645  0.0420  0.0000     2  0.0760  0.0000
 7000.00  31.578  31.631  0.0536  0.0000     2  0.0743  0.0000
 7050.00  31.564  31.540 -0.0248  0.0000     2  0.0731  0.0000

